image_width: 2448
image_height: 2050
camera_name: prosilica
camera_matrix:
  rows: 3
  cols: 3
  data: [2319.58, 0, 1249.7, 0, 2316.63, 1082.21, 0, 0, 1]
distortion_coefficients:
  rows: 1
  cols: 5
  data: [-0.38656, 0.18477, -0.00125, 0.00091, 0]
rectification_matrix:
  rows: 3
  cols: 3
  data: [1, 0, 0, 0, 1, 0, 0, 0, 1]
projection_matrix:
  rows: 3
  cols: 4
  data: [2319.58, 0, 1249.7, 0, 0, 2316.63, 1082.21, 0, 0, 0, 1, 0]
